新核心 ↔ 旧 Stage-0 表 逐列对照(同一份导出:battle_411001_20261003_235204.json)
口径相同(对数份额);仅比较两表共有的列。差 = 新 - 旧。

角色                        直接(差)          基础(差)        自身规则(差)       受队友赋能(差)       为团队赋能(差)    出手(差)
ネーフェ＝ジアー              65087894(     +0)      11146143(     -0)      31034255(     +0)      22907496(     -0)             0(     +0)    489(  +0)
メアリー                  58523963(     +0)       5693540(     -0)      36433945(     -0)      16396478(     +0)             0(     +0)    936(  +0)
マッドシーカー               27658427(     +0)      13513395(     +0)       9155038(     -0)       4989994(     +0)      40038548(     -0)   1800(  +0)
エヴァラス・フラウ             22062278(     +0)       4587652(     -0)       9520576(     -0)       7954050(     +0)             0(     +0)    187(  +0)
テトラ                   19558611(     +0)       8362128(     -0)       1807523(     +0)       9388960(     -0)             0(     +0)   1500(  +0)
メルティエル                 7977179(     +0)       2455002(     -0)       3313229(     +0)       2208948(     -0)      25250506(     -0)    345(  +0)
火砲                     2372755(     +0)        852744(     +0)        389098(     +0)       1130912(     +0)             0(     +0)     65(  +0)
ルナリス                    344585(     +0)        169874(     -0)             0(     +0)        174711(     +0)             0(     +0)     42(  +0)
生ける炎 クトゥグア              210805(     +0)        104140(     -0)             0(     +0)        106665(     +0)             0(     +0)    131(  +0)
クトゥグァ砲台R                 34457(     +0)         10922(     +0)          8293(     -0)         15242(     -0)             0(     +0)     13(  +0)
クトゥグァ砲台                  34457(     +0)         10651(     +0)          8209(     -0)         15597(     -0)             0(     +0)     13(  +0)

最大绝对差:direct=0, base=0, self=0, received=0, assist=0